Mesh:
{
IndexCount: 72
Texture: 
minAABB: -12.1482, -0.25946, -11.7863
maxAABB: 11.9954, 0.0172167, 11.8274
Indices:0|1|2|0|2|3|4|5|6|4|6|7|8|9|10|8|10|11|12|13|14|12|14|15|16|17|18|16|18|19|20|21|22|23|24|25|26|27|28|26|28|29|30|31|32|30|32|33|34|35|36|34|36|37|38|39|40|38|40|41|42|43|44|42|44|45|46|47|48|49|50|51|
Vertices:-3.76827|0.0172167|-11.7863|8.69242e-08|1|2.47807e-10|0|0|-3.83557|0.0172167|11.8195|8.69242e-08|1|2.47807e-10|0|0|2.687|0.0172157|11.8274|8.69242e-08|1|2.47807e-10|0|0|2.7543|0.0172157|-11.7784|8.69242e-08|1|2.47807e-10|0|0|2.7543|0.0172157|-11.7784|0.999996|-1.72928e-06|0.00285082|0|0|2.687|0.0172157|11.8274|0.999996|-1.72928e-06|0.00285082|0|0|2.687|-0.259459|11.8274|0.999996|-1.72928e-06|0.00285082|0|0|2.7543|-0.259459|-11.7784|0.999996|-1.72928e-06|0.00285082|0|0|2.7543|-0.259459|-11.7784|-9.60741e-08|-1|-2.73892e-10|0|0|2.687|-0.259459|11.8274|-9.60741e-08|-1|-2.73892e-10|0|0|-3.83557|-0.259459|11.8195|-9.60741e-08|-1|-2.73892e-10|0|0|-3.76827|-0.259459|-11.7863|-9.60741e-08|-1|-2.73892e-10|0|0|-3.76827|-0.259459|-11.7863|-0.999996|1.72471e-06|-0.00285082|0|0|-3.83557|-0.259459|11.8195|-0.999996|1.72471e-06|-0.00285082|0|0|-3.83557|0.0172167|11.8195|-0.999996|1.72471e-06|-0.00285082|0|0|-3.76827|0.0172167|-11.7863|-0.999996|1.72471e-06|-0.00285082|0|0|2.7543|-0.259459|-11.7784|0.00121188|-2.06959e-09|-0.999999|0|0|-3.76827|-0.259459|-11.7863|0.00121188|-2.06959e-09|-0.999999|0|0|-3.76827|0.0172167|-11.7863|0.00121188|-2.06959e-09|-0.999999|0|0|2.7543|0.0172157|-11.7784|0.00121188|-2.06959e-09|-0.999999|0|0|2.687|-0.259459|11.8274|-0.00121173|2.09107e-09|0.999999|0|0|2.687|0.0172157|11.8274|-0.00121173|2.09107e-09|0.999999|0|0|-3.83557|0.0172167|11.8195|-0.00121173|2.09107e-09|0.999999|0|0|-3.83557|-0.259459|11.8195|-0.00121173|2.09107e-09|0.999999|0|0|2.687|-0.259459|11.8274|-0.00121173|2.09107e-09|0.999999|0|0|-3.83557|0.0172167|11.8195|-0.00121173|2.09107e-09|0.999999|0|0|-12.1482|0.0172157|2.76358|2.42369e-10|1|-8.69242e-08|0|0|11.9873|0.0172157|2.83088|2.42369e-10|1|-8.69242e-08|0|0|11.9954|0.0172157|-3.69169|2.42369e-10|1|-8.69242e-08|0|0|-12.1402|0.0172157|-3.75898|2.42369e-10|1|-8.69242e-08|0|0|-12.1402|0.0172157|-3.75898|0.00278826|-1.72712e-06|-0.999996|0|0|11.9954|0.0172157|-3.69169|0.00278826|-1.72712e-06|-0.999996|0|0|11.9954|-0.25946|-3.69169|0.00278826|-1.72712e-06|-0.999996|0|0|-12.1401|-0.25946|-3.75898|0.00278826|-1.72712e-06|-0.999996|0|0|-12.1401|-0.25946|-3.75898|-2.6788e-10|-1|9.60741e-08|0|0|11.9954|-0.25946|-3.69169|-2.6788e-10|-1|9.60741e-08|0|0|11.9873|-0.25946|2.83088|-2.6788e-10|-1|9.60741e-08|0|0|-12.1482|-0.25946|2.76358|-2.6788e-10|-1|9.60741e-08|0|0|-12.1482|-0.25946|2.76358|-0.00278826|1.72712e-06|0.999996|0|0|11.9873|-0.25946|2.83088|-0.00278826|1.72712e-06|0.999996|0|0|11.9873|0.0172157|2.83088|-0.00278826|1.72712e-06|0.999996|0|0|-12.1482|0.0172157|2.76358|-0.00278826|1.72712e-06|0.999996|0|0|-12.1401|-0.25946|-3.75898|-0.999999|-2.06959e-09|-0.00123911|0|0|-12.1482|-0.25946|2.76358|-0.999999|-2.06959e-09|-0.00123911|0|0|-12.1482|0.0172157|2.76358|-0.999999|-2.06959e-09|-0.00123911|0|0|-12.1402|0.0172157|-3.75898|-0.999999|-2.06959e-09|-0.00123911|0|0|11.9954|-0.25946|-3.69169|0.999999|2.1378e-09|0.00123882|0|0|11.9954|0.0172157|-3.69169|0.999999|2.1378e-09|0.00123882|0|0|11.9873|0.0172157|2.83088|0.999999|2.1378e-09|0.00123882|0|0|11.9873|-0.25946|2.83088|0.999999|2.1378e-09|0.00123882|0|0|11.9954|-0.25946|-3.69169|0.999999|2.1378e-09|0.00123882|0|0|11.9873|0.0172157|2.83088|0.999999|2.1378e-09|0.00123882|0|0|
PositionsLocal:-3.76827, 0.0172167, -11.7863|-3.83557, 0.0172167, 11.8195|2.687, 0.0172157, 11.8274|2.7543, 0.0172157, -11.7784|2.7543, 0.0172157, -11.7784|2.687, 0.0172157, 11.8274|2.687, -0.259459, 11.8274|2.7543, -0.259459, -11.7784|2.7543, -0.259459, -11.7784|2.687, -0.259459, 11.8274|-3.83557, -0.259459, 11.8195|-3.76827, -0.259459, -11.7863|-3.76827, -0.259459, -11.7863|-3.83557, -0.259459, 11.8195|-3.83557, 0.0172167, 11.8195|-3.76827, 0.0172167, -11.7863|2.7543, -0.259459, -11.7784|-3.76827, -0.259459, -11.7863|-3.76827, 0.0172167, -11.7863|2.7543, 0.0172157, -11.7784|2.687, -0.259459, 11.8274|2.687, 0.0172157, 11.8274|-3.83557, 0.0172167, 11.8195|-3.83557, -0.259459, 11.8195|2.687, -0.259459, 11.8274|-3.83557, 0.0172167, 11.8195|-12.1482, 0.0172157, 2.76358|11.9873, 0.0172157, 2.83088|11.9954, 0.0172157, -3.69169|-12.1402, 0.0172157, -3.75898|-12.1402, 0.0172157, -3.75898|11.9954, 0.0172157, -3.69169|11.9954, -0.25946, -3.69169|-12.1401, -0.25946, -3.75898|-12.1401, -0.25946, -3.75898|11.9954, -0.25946, -3.69169|11.9873, -0.25946, 2.83088|-12.1482, -0.25946, 2.76358|-12.1482, -0.25946, 2.76358|11.9873, -0.25946, 2.83088|11.9873, 0.0172157, 2.83088|-12.1482, 0.0172157, 2.76358|-12.1401, -0.25946, -3.75898|-12.1482, -0.25946, 2.76358|-12.1482, 0.0172157, 2.76358|-12.1402, 0.0172157, -3.75898|11.9954, -0.25946, -3.69169|11.9954, 0.0172157, -3.69169|11.9873, 0.0172157, 2.83088|11.9873, -0.25946, 2.83088|11.9954, -0.25946, -3.69169|11.9873, 0.0172157, 2.83088|
}
