Mesh:
{
IndexCount: 96
Texture: 
minAABB: -12.1123, 0, -11.7957
maxAABB: 12.098, 0, 11.7826
Indices:0|1|2|0|2|3|4|5|6|4|6|7|8|9|10|8|10|11|12|13|14|12|14|15|16|17|18|16|18|19|20|21|22|20|22|23|24|25|26|24|26|27|28|29|30|28|30|31|32|33|34|32|34|35|36|37|38|36|38|39|40|41|42|40|42|43|44|45|46|44|46|47|48|49|50|48|50|51|52|53|54|52|54|55|56|57|58|56|58|59|60|61|62|60|62|63|
Vertices:-12.1123|0|11.7826|0|1|0|0|1|-6.05974|0|11.7826|0|1|0|0.25|1|-6.05974|0|5.88806|0|1|0|0.25|0.75|-12.1123|0|5.88806|0|1|0|0|0.75|-6.05974|0|11.7826|0|1|0|0.25|1|-0.00715982|0|11.7826|0|1|0|0.5|1|-0.00715982|0|5.88806|0|1|0|0.5|0.75|-6.05974|0|5.88806|0|1|0|0.25|0.75|-0.00715982|0|11.7826|0|1|0|0.5|1|6.04542|0|11.7826|0|1|0|0.75|1|6.04542|0|5.88806|0|1|0|0.75|0.75|-0.00715982|0|5.88806|0|1|0|0.5|0.75|6.04542|0|11.7826|0|1|0|0.75|1|12.098|0|11.7826|0|1|0|1|1|12.098|0|5.88806|0|1|0|1|0.75|6.04542|0|5.88806|0|1|0|0.75|0.75|-12.1123|0|5.88806|0|1|0|0|0.75|-6.05974|0|5.88806|0|1|0|0.25|0.75|-6.05974|0|-0.00651637|0|1|0|0.25|0.5|-12.1123|0|-0.00651637|0|1|0|0|0.5|-6.05974|0|5.88806|0|1|0|0.25|0.75|-0.00715982|0|5.88806|0|1|0|0.5|0.75|-0.00715982|0|-0.00651637|0|1|0|0.5|0.5|-6.05974|0|-0.00651637|0|1|0|0.25|0.5|-0.00715982|0|5.88806|0|1|0|0.5|0.75|6.04542|0|5.88806|0|1|0|0.75|0.75|6.04542|0|-0.00651637|0|1|0|0.75|0.5|-0.00715982|0|-0.00651637|0|1|0|0.5|0.5|6.04542|0|5.88806|0|1|0|0.75|0.75|12.098|0|5.88806|0|1|0|1|0.75|12.098|0|-0.00651637|0|1|0|1|0.5|6.04542|0|-0.00651637|0|1|0|0.75|0.5|-12.1123|0|-0.00651637|0|1|0|0|0.5|-6.05974|0|-0.00651637|0|1|0|0.25|0.5|-6.05974|0|-5.90109|0|1|0|0.25|0.25|-12.1123|0|-5.90109|0|1|0|0|0.25|-6.05974|0|-0.00651637|0|1|0|0.25|0.5|-0.00715982|0|-0.00651637|0|1|0|0.5|0.5|-0.00715982|0|-5.90109|0|1|0|0.5|0.25|-6.05974|0|-5.90109|0|1|0|0.25|0.25|-0.00715982|0|-0.00651637|0|1|0|0.5|0.5|6.04542|0|-0.00651637|0|1|0|0.75|0.5|6.04542|0|-5.90109|0|1|0|0.75|0.25|-0.00715982|0|-5.90109|0|1|0|0.5|0.25|6.04542|0|-0.00651637|0|1|0|0.75|0.5|12.098|0|-0.00651637|0|1|0|1|0.5|12.098|0|-5.90109|0|1|0|1|0.25|6.04542|0|-5.90109|0|1|0|0.75|0.25|-12.1123|0|-5.90109|0|1|0|0|0.25|-6.05974|0|-5.90109|0|1|0|0.25|0.25|-6.05974|0|-11.7957|0|1|0|0.25|0|-12.1123|0|-11.7957|0|1|0|0|0|-6.05974|0|-5.90109|0|1|0|0.25|0.25|-0.00715982|0|-5.90109|0|1|0|0.5|0.25|-0.00715982|0|-11.7957|0|1|0|0.5|0|-6.05974|0|-11.7957|0|1|0|0.25|0|-0.00715982|0|-5.90109|0|1|0|0.5|0.25|6.04542|0|-5.90109|0|1|0|0.75|0.25|6.04542|0|-11.7957|0|1|0|0.75|0|-0.00715982|0|-11.7957|0|1|0|0.5|0|6.04542|0|-5.90109|0|1|0|0.75|0.25|12.098|0|-5.90109|0|1|0|1|0.25|12.098|0|-11.7957|0|1|0|1|0|6.04542|0|-11.7957|0|1|0|0.75|0|
PositionsLocal:-12.1123, 0, 11.7826|-6.05974, 0, 11.7826|-6.05974, 0, 5.88806|-12.1123, 0, 5.88806|-6.05974, 0, 11.7826|-0.00715982, 0, 11.7826|-0.00715982, 0, 5.88806|-6.05974, 0, 5.88806|-0.00715982, 0, 11.7826|6.04542, 0, 11.7826|6.04542, 0, 5.88806|-0.00715982, 0, 5.88806|6.04542, 0, 11.7826|12.098, 0, 11.7826|12.098, 0, 5.88806|6.04542, 0, 5.88806|-12.1123, 0, 5.88806|-6.05974, 0, 5.88806|-6.05974, 0, -0.00651637|-12.1123, 0, -0.00651637|-6.05974, 0, 5.88806|-0.00715982, 0, 5.88806|-0.00715982, 0, -0.00651637|-6.05974, 0, -0.00651637|-0.00715982, 0, 5.88806|6.04542, 0, 5.88806|6.04542, 0, -0.00651637|-0.00715982, 0, -0.00651637|6.04542, 0, 5.88806|12.098, 0, 5.88806|12.098, 0, -0.00651637|6.04542, 0, -0.00651637|-12.1123, 0, -0.00651637|-6.05974, 0, -0.00651637|-6.05974, 0, -5.90109|-12.1123, 0, -5.90109|-6.05974, 0, -0.00651637|-0.00715982, 0, -0.00651637|-0.00715982, 0, -5.90109|-6.05974, 0, -5.90109|-0.00715982, 0, -0.00651637|6.04542, 0, -0.00651637|6.04542, 0, -5.90109|-0.00715982, 0, -5.90109|6.04542, 0, -0.00651637|12.098, 0, -0.00651637|12.098, 0, -5.90109|6.04542, 0, -5.90109|-12.1123, 0, -5.90109|-6.05974, 0, -5.90109|-6.05974, 0, -11.7957|-12.1123, 0, -11.7957|-6.05974, 0, -5.90109|-0.00715982, 0, -5.90109|-0.00715982, 0, -11.7957|-6.05974, 0, -11.7957|-0.00715982, 0, -5.90109|6.04542, 0, -5.90109|6.04542, 0, -11.7957|-0.00715982, 0, -11.7957|6.04542, 0, -5.90109|12.098, 0, -5.90109|12.098, 0, -11.7957|6.04542, 0, -11.7957|
}
